35.0
48.333333333333336
66.66666666666666
68.33333333333333
68.33333333333333
68.33333333333333
68.33333333333333
68.33333333333333
68.33333333333333
68.33333333333333
68.33333333333333
81.66666666666667
81.66666666666667
81.66666666666667
81.66666666666667
81.66666666666667
90.0
90.0
90.0
93.33333333333333
93.33333333333333
93.33333333333333
93.33333333333333
96.66666666666667
96.66666666666667
96.66666666666667
98.33333333333333
98.33333333333333
98.33333333333333
98.33333333333333
98.33333333333333
98.33333333333333
98.33333333333333
98.33333333333333
98.33333333333333
98.33333333333333
98.33333333333333
98.33333333333333
98.33333333333333
98.33333333333333
98.33333333333333
98.33333333333333
98.33333333333333
98.33333333333333
98.33333333333333
98.33333333333333
98.33333333333333
98.33333333333333
98.33333333333333
98.33333333333333
98.33333333333333
98.33333333333333
98.33333333333333
98.33333333333333
98.33333333333333
98.33333333333333
98.33333333333333
98.33333333333333
98.33333333333333
98.33333333333333
98.33333333333333
98.33333333333333
98.33333333333333
98.33333333333333
98.33333333333333
98.33333333333333
98.33333333333333
98.33333333333333
98.33333333333333
98.33333333333333
98.33333333333333
98.33333333333333
98.33333333333333
98.33333333333333
98.33333333333333
98.33333333333333
98.33333333333333
98.33333333333333
98.33333333333333
98.33333333333333
98.33333333333333
98.33333333333333
98.33333333333333
98.33333333333333
98.33333333333333
98.33333333333333
98.33333333333333
98.33333333333333
98.33333333333333
98.33333333333333
98.33333333333333
98.33333333333333
98.33333333333333
98.33333333333333
98.33333333333333
98.33333333333333
98.33333333333333
98.33333333333333
98.33333333333333
98.33333333333333
